theta_err=[1, -0.002377601963925,    -9.0673;
           2,  0.000031660365222,     2.3725;
           3,  0.095735323065173,     3.1068;
           4,  0.047789665263719,     3.0940;
           5,  0.001967323851342,    13.6867;
           6, -0.000042692251373,   -10.7365;
           7, -0.001131671674648,   -26.2395;
           8, -0.000769296284617,   -21.0720;
           9,  0.001258849690428,    13.4822;
          10, -0.000001930578875,   -28.9829;
          11,  0.000118524076515,     3.2608];